0
0,10
1,149
1
2
2,288,491,501,1147,3203
3,188,286,431,440
3,185,188,215,242,286,315,431,440
4,45
4
5,670,1391,5116
5
6
6
7,46,165,346,3804
7,166,313,314,375,3256
8
8,49,182
9
9,313
10,249
11,64,274
11,274
12,42,297,442
12,42
13,276
13,276
14,261
14
15
15
16,82,150,197,3895
16,82,599
17
17
18,103
18
19
19,584,587
20,27,154
20,27,154,333
21
21,357,584,587
22,365
22,68,260,365,377,412,421
23
23
24,142,364,3249,3278
24,142,343,558
25,233,262,277,387,409
25,409
26,35
26,35
28
28,369,3423
29,104,130,270,342,1231
29,36,104,130,211,342
30,155
30
31,58,408
31,106,131,140,157,176,208,408,531,619,621,966
32,183,1864,3309,4464,4492
32,183
33,307
33,307
34,893,1802,1904
34,81,209
36,270
37
37,53
38,321
38,321
39,2953
39
40
40
41,380
41,380
43
43,447
44,1421,2025
44,686,759,1284,1568,1601,2180,2304,2798,5108,5259,5361,5472
45
46,346
47,250,3869
47,212
48,353
48
49,182
50,1136,3101,3102,3877
50,896,1004,1141,3101,3213,3241
51,171,447
51,169,206,322
52,5254
52
53,2283,3363,4064,4303,4560,4788,5070,5408,5419
54,330
54,330
55,373,997
55
56,396
56,217,361,396
57
57
58
59,339,579
59
60,261
60,293
61,3191,3197
61,3191,3197
62
62,1210
63,592
63,70,378,592
64
65,299,370,1026,2816,3224,3570,3808,3932
65
66,496
66,496
67
67,243
68,434,459
69,232,603
69,77,192,231,232,603
70,378
71,109,493,586
71,109,493,586
72
72,622
73
73,415
74
74,1591,1818
75
75
76,2717,4170
76
77,231
78,200
78,200
79,416
79,416
80,198,367,398
80,198,367,398
81,209
83
83,2180
84,126
84,126,216,455
85
85
86,1048,1479,3242,3764,3798
86,1060,1928,3168
87,141
87
88
88,122,5211
89
89,4942
90,129
90,129
91,5397
91,103,283,483,578,631
92,4863
92
93,548,2083,2345
93,403,1086,1306,3801,3925
94,563
94,563
95,5396
95,635,1299,2079,5396
96
96
97,1617,3187,3973
97
98
98
99,2116
99,2116
100
100,606
101
101,1272,1955,3284,4495,5086
102
102
105,923,1258
105,1258,2948
106,140,619
107
107,483,578
108,141
108,224,355,437,5345
110,311
110,111
111
112,135,3258,3867
112,3237,3812
113,3833,3948
113,3833,3948
114,4861
114
115,460,502
115,502,1060
116,570,1723,2160,3245
116,4555
117
117,1082,1156
118
118,3100
119
119
120,746
120
121,3855,4891,5182
121,356,630,3975,4803
122,5211
123,1948
123,925,1259,3270,5302
124
124
125,655,709,718,940
125
127,516,545,576,1753,1845,1889,2005,4696,5416
127
128,1633,4311
128,1304,3924
131,621,966
132,4939
132,4889
133,842
133,842
134,360,453,3827
134
135
136,3811
136
137,612,620
137,612,620
138,1510
138,360,1374,1510,1680
139,345
139,3900
143
143,1320
144,2130
144,235
145,929
145
146,519
146,519
147,5512
147,3922,5512
148
148
149
150
151
151,235
152,1701,5192,5214
152,1040,1045,1048,1091,2059,3832,5214
153,4929
153,4929,4938
155,326,446
156,433
156,318,433
157
158
158
159,285
159,285
160,385,386,407
160,294,337,385,386,406,407
161
161,224,228,5405
162
162,2636,3043
163,257,316,471,536,556
163,257,316,536
164,281
164,273,281
165
166,314,375,3256
167,181,302
167,379
168,193,651
168,193,651
169
170,877,883
170
171,371
172,253
172,253
173
173,445
174
174,202,317
175,1031
175,1031
176
177,1473,1816,3812,3815,3840,3882,5099
177,1473,5099
178,610
178,610
179
179
180,233
180,391
181,205
184
184
185,455
186,263,1207
186,263
187,237
187
189
189
190,381
190
191,196,264
191
192
194
194
195,1126
195,3762,3887
196,326,372
197
199
199
201,383
201
202,317,3128
203
203,941
204,974
204,354,974
205
206
207
207
208,327
210,417
210,613
211,573
212
213,487,505
213,505
214,796,2710
214
215,315,320,1070
216
217,361
218
218,227,374
219
219,255,306,418
220,498,1017
220,498,527
221,323,1316
221
222
222
223
223
225
225
226
226
227,374
228
229,320
229,3220
230
230
234,245,312
234,312,393
236,735,941,980,3147,3189,3239
236
237
238,469,518
238,469,518,628
239,478,1043,2662
239
240,934,3170
240
241
241
242,554,585,597,1633
243
244
244
245
246
246,718
247,267
247
248
248,589,633
249,432
250
251
251,713,3148
252,337,436
252,406
254
254,997
255,264,418
256,788,826,2646,3063,3130
256
258,268,457,1300
258,399,539
259
259,294
260
262
265,557
265
266,1162,1238
266,364,1162,1238,3249,3278
267
268
269,421,552
269,552,1242
271,535,878,879,881
271,458,535,878,879,881
272
272
273
275,352
275,352
277,387,837,996,1388,1544,1830,2421,2886,3880,5423
278,564,1154
278,290,1218,1281,3263,5431
279,344,580
279,344,580
280,295
280,404
282,2548,3093
282
283,424,426
284,4945
284
287
287
288,647,715,920,1271,3203
289
289,382,990,1046,1332
290,310,405,892,3097,3111,3196,3219,3269
291,331
291
292,420
292
293,413,434,435,459
295,404
296,444,601
296
297,442
298
298
299
300
300
301,334
301
302
303
303,389
304,3221
304
305
305,441
306
308,561
308,561
309,515,601,1811
309
310
311
318,397
319,793,830
319,793,830,904,953,989,1032,1083,3094,3166,3276
322
323,410
324
324
325
325
327
328
328
329,1147,1289,3122,3354
329,1289,3122
331,618
332,422
332,422
333
334,363
335
335
336,341,402
336,341,430
338
338,935,1053
339,521,1066,1128,3797
340
340,688,1430,2091,2704,4296,4411,4419
343
345,1120,1829,2065,4251,5308
347,419
347,419
348
348
349
349
350
350,5496
351,583
351,583
353
354
355,437
356,4347
357,382
358
358
359,435
359
362
362
363,2778
366
366
368
368,3027,3444,5321
369,3423
370
371
372
373,1068
376,534
376
377
379
381
383
384
384,445
388,560,804,1025
388
389
390
390
391,641
392,1316
392
393
394,3985
394
395,429
395
397
399,467,539
400
400,1926
401
401
402
403,449,786,1306,1374,1383,1606,3568,4840,5279,5338
405,937,1335,3269
410
411,1329,2317,3244,3679
411,467,504
412
413
414
414,5295
415
417
420
423,799
423,730,1146,2068
424,426
425,1197,2063,2331,3816,5288
425
427
427,722,3361,3533
428
428
429,526
430
432
436
438
438
439
439,1030,3146
441
443
443,750,851
444
446
448,486
448
449,1948
450,596,605
450,605
451,600
451,600
452
452
453
454,2371
454,2371
456,5332
456,5332
457
458
460
461,1347
461,1347
462,615
462,615
463
463,1249
464
464,613,2221
465,5365
465
466
466,541,5508
468,1383
468,503,1027,1540,2316
470
470,936,1170,3775,3836,3875,3955
471,556
472,3477,3688,3695,3876,4441,4508,4844,5130,5495,5510
472,3688,3695,3876,5495,5510
473
473,504
474,4158
474
475,623,1088
475
476,506,959,3775,3786
476,506
477,3777
477,3777
478,2378
479,524
479
480
480,1675,2081,2232
481,3768
481,1453,2275,2544,4619
482
482,616,1088,1135
484,602
484,523,532
485
485,540,550
486
487
488,566
488,566
489,627
489
490,1126
490,2174
491,513
492,497
492,497
494,569
494,569
495
495,585
499,822
499,832
500,1366,2098
500,1020,2098,3098,3240
501,938,1317
503
507
507,962,1045,1701,3175,5192
508,1382
508
509,553
509,553
510,689
510,689
511
511
512
512,547
513,1302,1351,3950
514
514
515
516,576,614
517,887,1054,1061,2254,3957
517,1823,3208,3212,3215,3680
520,528,978
520,3940
521,3797
522,5158
522,2221,5158
523
524
525
525,617
526
527
528,978,3940
529,611
529,609
530
530
531
532
533,579
533
534
537,1495,4053,4094,4793
537,634
538,581
538,581
540,550
541,1665,2033,2248,5090
542
542
543
543,567,1132,1841,3015
544,608
544,1293
545,608,1064,1293,1337,3279,3781
546
546,559
547
548,2083
549
549
551
551
554
555,626
555,611,626,627
557
558,567,4584,4787
559,1799
560,804,926,1025
562
562
564,4262,4367,4501
565,625
565,625
568,574
568,880
570
571,3871
571
572,3858
572,3858
573
574
575
575
577,5382
577,5316
582
582,880
588,607
588,607
589
590,591,1331,3933,3953
590,750,947,3933
591,3953
593
593
594,1519,2188,4050
594,602
595
595,684,690,1573,2690,2757,3312,3678,3711
596
597
598
598
599
604,1116
604,814
606
609,1323,4457,4951
614,1325,1733,3152
616,3865,3872
617
618
622
623
624,3119
624
628,3144
629
629,1538,5133
630
631
632
632,4974
633
634,909
635
636,1230,3211
636,3119,3211
637,3172
637,781,3255
638,2361,5414
638,859,5082,5343
639,868,3926
639,868
640,1566,2187,2325,3349,3728,5173
640
641
642,1823
642
643,681,1427
643
644,1028,3753
644,1216,3753
645,3912
645,1113,1302,1351,3857,3950
646,1217,3193,3243
646
647,1271
648,1420,1651,3939
648,3939
649
649,3465,3646
650
650,2691,2937
652,3657
652,802,3657,5089
653
653,1304,1415,2174,3752,3824,3947
654,3760
654,3760
655
656,1621,1702,1964,2002,2318,2352,4268,4273,4275,4690,4975,5442
656,1964,5442
657,1023,5174
657
658,1586
658,1586,1811,2441,4343,4469
659,2714
659,4145
660
660,2553,3182
661,3250
661,1070,3180,3843,3873
662,682
662,665,768
663,931,1091,1530,1611,1835,2059,3121,3154
663,931,1530,3121,5377
664,770,850,2853
664,847,850,2853
665,768
666,1478
666,1478
667,745,786,924,1763,2202,3568,3699,4840,5279
667,2850
668,5236
668,5236
669
669,2727
670
671,2481,2554,3091
671,2584,2780,3065
672,846
672,846
673,2813
673
674
674,2876
675,1087,1798
675,1087
676,700
676,700
677,863
677,866
678,1593,3531
678,1593,2641,3531
679,3508
679
680,2763,5297
680,1178,1403,1969,2094,2426,2763,3607,5297
681,1427
682
683,1262,1359,3765,3799,5143
683,1262,1359,3765,5143
684,690
685,3848
685
686,3429
687,1089
687,1089
688
691
691,2814,3525,3594
692,2373
692
693,738
693
694,3124,5498
694,3139
695
695,805
696,1220,3792
696
697,3055
697,3055
698,731
698,731
699,800,828
699,800,828
701,1106,3910
701,758,3910
702,956,3782
702,956,3782,3879
703,2570,3392
703,2570,2790,3392
704,1591,2211,2273,3457,3464,5513
704,1744,2211,2273,5513
705,784,1005
705,784,1005
706,749,1134
706
707
707,714,1137,1255,1277,3788,3936,5227,5252
708
708,1052
709,940
710,2445,2762,3314,3547
710,2674,2762,2975,3386,3547
711,2872,2904,3640
711,2483,2744,2872,2904,2936,3053,3640,3719
712,3113,5101
712
713,2007,3146,3148,3874
714,5252
715
716,5249,5282,5344
716,5344
717,736,2012
717,736,2012
719,922
719,902,5440
720
720,1896
721,771
721,833
722,3361,3533
723,1984
723,1393,1984,2367,5058
724,725,1362,2966
724,725
726,1930,4309
726,790,795,916,917,1179,1476,1936,2250,2655,3184,3993,4309
727,763,807,1016
727,985
728,2648
728
729,1051
729,1014,1051,1214,3110,3235
730
732,795,917,1179,1476,1694,1840,1936,2186,3184,3247,3274,3993
732,2250
733
733,766,839
734,927,3198
734
735,3147,3189
737,1229,3111,3821
737,1229,3821
738
739,772,2381,5204
739,772,3730
740,2601,3026,3537,3710
740,2547,3026,3710,3713,5471
741,3017
741,755,764,844,3017,5146
742,2972
742
743
743
744
744
745,924,2202,3699
746
747,854,1120,1367,1431,1466,1592,1748,1829,2003,2080,2307,2370,4251,5079,5308,5331,5334,5339,5380
747,2103,5079,5339
748,2731,3518
748,1069,1709,2643
749
751,3433
751,3180
752
752,1239
753,816
753,816
754
754,783,1183,1681,1891,2193,2236
755
756,3343,3731
756,1468,1477,1773,1859,2480,2903,3380,3427,3565,3573,3599,3731,3747,3893,5059
757,2400,3319,3817,5456
757,2400,3817
758,3433
759
760
760,1155
761,809
761,789,809,825,874,1007,3136,3186,3195,5384
762,1751,2796,3508
762
763,1016,1204,1820,2331,3748,3870,5206
764,5146
765,1342,1804,2184
765,1761,2196,2228,2284,2870
766,839
767,2106,3171,3592,5456
767,1827,1970,3171,5270
769,829,843
769,829,843
770,847
771,833
773,1763,2650
773,1552,2993
774
774,1372,3791,3908
775
775,1387,1518,1623,1810,2006,5082,5167,5219,5391,5515
776,3552
776,2153,2285,2555,3552,4155
777,791,1734
777
778,900,3202
778
779,3789
779,3789
780
780
781,826,3117,3172,3255
782,3480,4746,4802
782,1851,4746
783,4036
785,3294
785,4548
787
787
788,1517,2509,5124
789,3136
790,1920,2103,2291
791
792,3578
792,3578
794
794
796,2710
797,1409,2034
797,1854,2034,2312,3218
798,2196,2228,2870
798,2948
799
801,1253
801,3177
802,5089
803,3300
803,2442,3300,3310
805
806,4795
806,4795
807,3779,3878
808,4984,4985
808,4875,4969,4984,4985
810
810,3881
811
811,908,1130
812,2240,5217,5280
812,2240
813,3467
813
814,981,1197
815
815,3257,3952
817,1059,5028
817
818,827
818,827
819,3097,3140,3141,3196,3219
819
820,889
820
821
821,2772,4079
822
823
823
824
824
825,874,1007
831,865
831,865,3110
832
834,947
834
835
835
836,5335
836,5335
837
838,4301
838,4206,4225,4467,4556,4579
840,1015
840,3317,3744
841,1324,3185
841
844
845,3234
845,3253
848,1349,1741,2262,2358,2461,2637,3123,3327,3435,4383,5310
848
849,870,889
849,870,1252
851
852
852,2526,3365
853,3282,3747
853,1796,1934
854,4788
855,1578,2894,5277,5415
855,1850,2718,2740,5020
856,3927
856,3927
857,3406,3422
857,3406,3422
858
858
859,5343
860,3354
860
861,3371
861,3371
862,3577
862,3577
863,866
864,1044,1322
864,1044,1322
867,2727
867
869
869,1471,1817,2041
871,5384
871,900,3202
872
872
873
873
875,3937
875,1134,3937,4886
876,1796
876
877,883
882,884
882,884,1565
885,886
885,886
887,1061
888,3199
888,3199
890,3161
890,3161
891,1105,1297,3188,3225
891,3188
892,937,1335,4276,5372
893
894,3846,4950
894
895
895,1049,1074,1269,3221
896,3102,3820
897,1227,3150,3767
897,1227,3150,3767
898,1157,3271
898
899
899,5200
901,1173,2458
901,1219,1276,2458,2971,3125,3387
902,1804,2008,2837,4041,4474,5227
903,1402
903,1326,1402,3206
904,1346,2729,2734,3008,3038,3046,3700
905,1205
905,1205
906,1008,1581,1718,1923,2271,5301
906,1581,1968,3103,4710,5106,5155,5506
907,1062,1328,3834
907,1062,1328,1354,3834
908
909
910,4079
910
911,3130
911
912
912,3339
913
913
914,977
914,977
915
915,1129,1329,3835
916,2655
918,970,1142,1213,1313
918,970,1142,1213,1313
919,4826
919,4826
920
921,1343
921,1343
922
923,1006
925
926
927
928,5181,5202
928,944,1050,3118,3169,4764
929
930
930,1263
932,1195,1315,1319,3884
932,1195,1315,1319,3884
933,1184
933,1184
934
935,1053
936,3750,3810,3813,3837,3844,3935,3955
938,1291
939
939
942,1193
942
943,948,2127,4274,4798
943,948,1103,2127,4274,4798
944,3159
945,2871,3407,3510
945,2726,2851,2864,2921,2938,3333,3407,3511,3548,3595
946,3246,3264,5426
946,1081,1312
949,2771,2967,3072
949
950,1188
950,1188,1910,2646,3016,3291,3736
951
951,1265,1280
952,1793,4460
952,1793,4853
953,957,1341,3094
954
954,3157
955,3217
955,1181,1270,3246
957,3103,3259,5325,5420,5506
958,1202,1604,3275,3737,5232
958,1202,1604
959,3813
960,998
960
961,3177
961
962,3175
963
963,1949,3107,3254,3283
964,1021,1381,1425,2148,3739,3916,4348,4577,5448
964,1021,1425
965,993,3823
965,1275
967
967
968
968
969,1085
969,1085
971
971,999,1098
972,1004,1141
972,1116,3268,5156,5274,5434
973,1769,2152
973,1628,1881,5177,5383
975,1461,1494,1890,5098,5354
975,1392,1412,1461,5098
976,3227
976,3123
979,3125
979
980
981
982
982,1794,1882,5317,5366
983
983,1235,1610,2284
984,1076
984,1052,1076
985,1096,1204,1467,1698,1783,1820,2020,2360,3878,4806,5238
986
986,5503
987,1158
987,1158
988,1092,1247,1365,5290
988,994,5223
989
990
991,1776
991,1776
992
992,1501,1674,2111,2496,3381,4455
993
994,2357,2713,4001,4383,4681
995,1279
995,1279,3262
996,3880,5423
998,3118,3159,5181,5202
999,2282
1000
1000
1001,1216,3769
1001,3769
1002,1036
1002
1003,3909
1003,3909
1006
1008,1718,5106,5155
1009,3158
1009,2328,3105
1010,1288,1749
1010,1935,3572,5389
1011,4276
1011
1012
1012
1013
1013,1308,3838
1014,1214,3235
1015
1017
1018
1018
1019
1019,3232
1020,3098
1022
1022,1161
1023,2679,2701,2712
1024
1024,3170
1026,3224
1027,1131,1148,1163,1957,2060,3114,3841,3999,4640,4951,5399,5488
1028,1218,1318,3183,3212,3226
1029,2067,3115,3201,3236,5193,5397,5514
1029,1628,1754,1881,2067,2152,3112,3115,3201,3205,3236,3260,5177,5193,5514
1030
1032,3276
1033,5467
1033,5446
1034,5125
1034,5125
1035,1038,1166
1035,1166
1036
1037,1446
1037,1446
1038
1039
1039
1040,3832
1041,1344
1041,1344
1042,1423,2277
1042,4904
1043
1046
1047,1133,3174
1047
1049,1308
1050,3169
1054,2254,3957
1055,1662
1055,1410,1595,1662,3299,3546,3566
1056,1848,2350,5394
1056,1848,1945,2350,5394
1057,1334
1057,1104,1334
1058
1058,1283,1333,5390
1059
1063,1072
1063
1064
1065,1305
1065,1305
1066,2252,3918
1067
1067
1068
1069
1071,1264
1071,1264
1072
1073
1073
1074,1129,1269
1075,1914,3321
1075,1361,2096,5286,5468
1077,1911,2269,2384
1077,1656,2363
1078,1254
1078,1254
1079,4638
1079
1080,1893,1945
1080,1893
1081,1312,3095,3131
1082,1156
1083,3156
1084,1177,1296,1571,5473
1084
1086,3894,3925
1090,1352
1090
1092,1247,1365,3283,5290
1093,3252
1093
1094,1178,3138
1094,5062,5159
1095,1169
1095,1169,4897
1096
1097
1097,3852,5373
1098
1099,2628
1099,2321,2628,3630,3698
1100,1246,5148
1100,1246
1101,2176,5401
1101,1225,1657,2176,2888,3439,5401
1102,3924
1102
1103
1104,1221
1105,1297,3225
1106
1107,1176
1107,1176
1108,4495,5383
1108
1109
1109,3116
1110,2444
1110
1111,3826,3863
1111,1112,3863
1112
1113,3857
1114
1114
1115
1115,5440
1117,2689
1117,2689
1118,3585
1118
1119,1303
1119,1303
1121
1121
1122
1122,1203,3824
1123,1426,3304,3707,4454
1123,3707
1124,3866,3913,3945,3946
1124,3823
1125,1909
1125,1909
1127
1127,1338
1128
1130
1131
1132,1523,1841,5132
1133
1135
1136
1137,3788
1138,1483
1138,1483
1139,3755,3897
1139,3755,3890,3901
1140,1986
1140,1986
1143,1192
1143,1192
1144,5038
1144,5038
1145,2939,3024,3579
1145
1146,1509,3277,3905,5381
1148
1149
1149
1150,1390,1687,2563,3266
1150,1390,1687,2563,3266
1151
1151,1199,3135
1152,4435
1152,4435,4448
1153,3190
1153
1154
1155
1157
1159
1159
1160,5314
1160,3135,5314
1161
1163
1164,1809
1164,1809
1165,2346,3773
1165
1167,1281,3263,3822,5431
1167,3226
1168,1182,3137,3206
1168,1464,4994,5035
1170,3836,3875
1171,1627
1171,1627,1637,5186
1172,1206,1360
1172,1206,1360
1173,1219,1276
1174,3889,3896
1174,3889,3896
1175,2385,5232
1175
1177,1352,1784,1934
1180,1355
1180,1340,1355,2063,2365,3262
1181,1270
1182,1300,3142,3149
1183,2236
1185
1185,3947,4097,4448
1186,3825,5184
1186,3795,3825
1187
1187,3106
1189
1189
1190,1310,1688,2073,3108,3133,5185
1190,2336
1191
1191,4866
1193
1194,1485,2485
1194,1485,2485
1196,5388
1196,5388
1198,2868,5357
1198
1199,1358
1200,5060
1200,1382,3173,3192,5060
1201
1201
1203
1207
1208
1208,1419
1209
1209,2076,2591,5370
1210
1211,3749,3870
1211,5206
1212,1234
1212,1234
1215
1215
1217
1220,3792
1221
1222
1222
1223
1223,3949
1224,1513,1966,3787,5378
1224
1225,1657,2888,3357
1226
1226,3998
1228
1228,3862
1230
1231,1367,1431,2003,5334,5380
1232
1232,1557,2048,2251,3505,3519
1233
1233
1235
1236,1275
1236
1237,1397
1237,1397
1239
1240,3902
1240,3902
1241,3176,3265,5284
1241,3265
1242
1243
1243
1244,2162
1244,2162
1245,1745,2290,5406
1245,2290,5176,5198
1248,1274,3285,5362
1248
1249
1250
1250
1251
1251,3134
1252
1253
1255
1256
1256
1257,3036,3220
1257,3166,3204
1259
1260
1260,1290,1311,1453,2198,2275,5096,5413
1261,4905
1261
1263
1265,1280
1266,3751,3808
1266,4924
1267,2200
1267,4957
1268
1268
1272
1273,1922,4918
1273,4918
1274,5362
1277
1278
1278
1282
1282,1706,1807,1993,2498
1283,3462,3814,3872
1284
1285,2058
1285,1494,5354
1286,1345
1286,1345
1287
1287,1543,2439,3307,3331,3645,4635
1288,1749,5389
1290
1291,1317
1292,3774
1292,3774
1294,3151,3165,5230
1294,3151,3167,3241,3281,3904
1295
1295
1296
1298,3780
1298,3780
1299,1961,2239
1301,1321
1301,1321
1307,4823
1307,4823
1309,2292
1309,2292
1310
1311
1314
1314,2785,3390
1318
1320,4312,4680
1323
1324
1325,4157
1326,3137
1327,2562,3342
1327,1642,2117
1330,4154
1330,2055,4196,5419
1331
1332
1333
1336,3109
1336
1337,3279
1338,4196
1339,3903
1339,3903
1340,2365
1341
1342,1610,1761,2184
1346
1348,3860
1348,3860
1349
1350,5212
1350,5212
1353,1762,4338
1353,4338,4830
1354
1356,2465,2766,2923
1356,3367,3387
1357
1357,1423,2277,2385
1358,3952
1361,5286
1362,2607
1363,1745,3291,5176,5198
1363
1364
1364,2346,3773
1366
1368,1445
1368
1369,2135
1369
1370,5315
1370,1576,1700,2183,2267,5255,5315,5324,5490
1371,2484,2590,3409,3659
1371,3659
1372,3240,3791,3908,5046,5492
1373
1373,1486
1375
1375
1376,1806
1376,1806
1377
1377,2021
1378,2568
1378,2011
1379,1740
1379,1547,1667
1380,2064
1380,1678,2064,3302,3376,4688
1381,1636,2402,5159,5360,5452,5511
1384,3230,5140
1384,2778
1385,2795
1385,2368,2795,2975,3386
1386
1386,3258
1387,1810
1388,1544
1389,5137
1389,1537,2397
1391
1392,1412
1393,2227,2367
1394,5254,5292
1394,1918,2123,2294,5085,5306,5348,5392
1395,1866,2101,2396
1395,1567,1707,5433
1396
1396
1398,1594
1398,1594,2132,3984,4028
1399
1399,2344,5385
1400,2463,2507,2631
1400,2212,2463,2573,3360,3604,5127
1401,3685
1401,2403,2581,2617,3629,3685
1403,3498,3551
1404,4904
1404
1405
1405,1503,2093
1406
1406,1411
1407,1416,1587,1990,2144,2255,5056
1407,1416,1587,2115,5056
1408,1503,2093,2105
1408,1690,2009,2105
1409
1410,1595,3566
1411
1413,1813,2289,4860
1413,4860
1414,1500,2685
1414,2685
1415,2096
1417,1536,1638,5231
1417,1842,1915,2297,5443,5485
1418,1514,1999,2179,2280,5291
1418,2179,2280,5291
1419
1420,2154,2436,5436
1421,2025
1422,1603,2343
1422,1456,1577,1914,2004,3154,3321,4144,4692
1424,2216,2256,5341
1424,5341
1426,3304,4454
1428,1846,2297
1428,1842
1429
1429
1430,2358,4411
1432,1760,2095,5178
1432,1760,5178
1433,2417
1433,2053,2173,2417,3702
1434,1787,2755,2848,3622
1434,1787,3622,4247,4846
1435,1649,2217,2268
1435,1445,1649
1436,1560
1436,1560
1437,3459,3484,3586
1437,4652
1438,1775,5462,5497
1438,1775,5497
1439,1677
1439,1677
1440
1440,3336,5226
1441,1501,2111,2496
1441,1696,1836
1442
1442
1443
1443
1444
1444,2206
1447,2342
1447,2342
1448,2241
1448,2241
1449,2606,3032
1449,3032
1450,1570,1833,5094
1450,1570,1600,1833,5094,5241
1451,1660,2257,2383
1451,1625,1714,1746,1987,2257,2314
1452
1452,2266
1454,1575
1454,1575
1455,1877,1962
1455,1794,1877,1962,5366
1456,1577,2004,4692
1457,2023,2253,5265
1457,1597,1682,2052,2330
1458,1912,2214,2910
1458,2214,2422,2910
1459,2219
1459,2102
1460
1460,2479
1462,1484
1462,1484
1463,2040,5429
1463,1614,2040
1464
1465,1652
1465,1652,4557
1466,5246
1467,1783,1792,2224
1468,1888,2480,2500,3085,3427,3740
1469,1774,1961,1965,2239
1469
1470,1686
1470
1471,1817,2041
1472,5078
1472,5078
1474,1664,5309
1474,1607,1664,5260,5309
1475,3162
1475
1477,1563
1479,2107
1480
1480,2070
1481,2151,5122,5330
1481,2010
1482,2017,4544
1482,2017,3311,4386,4544,4580,4714
1486
1487,2337
1487,2337,2603,2905,3335,3419
1488,1607
1488
1489
1489,2979,3076,4127,4149
1490,5110
1490,5110
1491,1826,3829
1491,1826,3829
1492
1492,1624,1975,5085,5243,5348,5367,5407
1493,1967
1493,1646,1730,2143
1495,4025
1496,5444
1496,2057,4063,5444
1497,4191,4378
1497
1498,5429
1498,2835
1499
1499,2353,2956
1500
1502,2018
1502,1550,1685,1971,2018,2120
1504,2279,2305
1504
1505,5417
1505,1759,5417
1506,5179
1506
1507,2000,5120,5387,5454
1507,5120
1508,5065
1508,1634,5065,5493
1509,4088
1511,5009
1511,5009
1512,5134,5461,5494
1512,5261,5461
1513,3031,3087,3374,3606,3667,3675
1514
1515,2398,3743
1515,2187,2398,3349,3743,5173
1516,2395
1516,2568
1517,2509,5124
1518,1995,2204,5262
1519
1520,3016,3736
1520
1521
1521,2498,3178,4948,4974
1522
1522,2488,2709,3067,4469,4644
1523,5132
1524,4731
1524,2157,2245,4696
1525,1992
1525,1992
1526,1756,3126
1526,1756
1527,1895,2222,2268,5422
1527
1528
1528,2894,3491,5277,5460
1529,1743,1907,2339,5489
1529
1531,2347
1531,2347
1532
1532,1584,2805,2978,3626
1533,1728,2233
1533,1728,1916,2233,5210
1534,2146,2319,5415
1534,2319
1535,3127,3129
1535,3129
1536,2253,5296,5433
1537,2397
1538
1539
1539,1856,2021
1540
1541,2278,5097
1541
1542,5130,5194
1542,1697,5084,5194,5195
1543,2302
1545
1545,2029,2035
1546,2332
1546,1933,2332
1547,1667
1548,1954
1548,1873,2087,4489,4691
1549,1688,2073,3133,5185
1549,2828
1550
1551,1640,1974,5102,5117
1551,1640,5117
1552,3297,5487
1553,1717,2122,2635,5441
1553,1875,2235,5256,5375
1554,1887,2248
1554
1555
1555,4233,4471
1556,5266,5272,5478,5499
1556,5499
1557
1558,5323
1558,4693,5323
1559,1663,1876
1559,1876
1561,1779,2504
1561,1779,5300
1562,5216
1562,5216
1563,1859,2015,2230,3599,5059
1564,2024
1564,2024
1565
1566
1567,1766,1847,2396,5379
1568,2304,2798,5259
1569,1739,2335
1569,1739,2335
1571,5473
1572,4146,4350
1572,2702,3000,4030,4686
1573
1574,2197,2733,3329
1574,1971,2733,3329
1576,1712,2090,2225,2247,2267,5114,5191
1578,2392
1579,5162
1579,1953,5427
1580,1711,5244
1580
1582
1582,2972
1583,1870,2167
1583,2062
1584,3602,4238
1585
1585,2712
1588,2112,2394
1588,2394
1589,2027,2102,2226,2286
1589,2122
1590
1590,2399,2705,3974,4171,4219,4905,5067,5095
1592
1596,3044,3351,3523
1596,3044,3351,3523
1597,2052
1598,4677
1598
1599,1715
1599,1715,1998
1600
1601
1602,1884,2156
1602
1603
1605,5188
1605,5188,5376
1606,5338
1608,1732
1608,1732,5299
1609,2369
1609,1977,3096,3282,5453
1611,1835
1612,5164
1612,1661,5164,5477
1613,4201,4528
1613,4201,4528
1614,4868
1615,2142,2516
1615
1616,2366,2626
1616
1617,1791,2136,3187,3527,3973,4386
1618,5268
1618,5268
1619,1781,2090,5152,5505
1619,1712,1781,5152,5505
1620,1795,2056
1620,1795
1621,1702,2002,2318,2352
1622,2372
1622
1623,1631,5167,5273,5281
1624,5407
1625,1714,1987,2314
1626,1849
1626,1849
1629,5271,5479
1629,5166,5271,5479
1630,2142
1630,1636,5360
1631,5273
1632,5465
1632,5465
1634,5493
1635
1635,2479,5123
1637
1638
1639
1639,2287
1641
1641
1642,5373
1643,2175,2199
1643,1767,2175,5215
1644,1679,2126,4005,4937,5209
1644,2126,5209
1645,5076
1645,5076
1646,1730,2143
1647,1699
1647,1699
1648,3502
1648,3502,5257,5369
1650,1771,1789,2682,3313,3506,5142
1650
1651
1653,4996,4998
1653,4996,4998
1654,2656,5242
1654,2841
1655
1655,3645
1656,1819,2265,2363
1658,2163,2941,5411
1658,1996,1998,2163,2941,5411
1659
1659
1660,2383
1661,3757,3794,5093
1663,1681
1665,2033,5090
1666,1868,3798
1666,1868
1668,2422
1668,1782,1921,2141
1669,3362
1669
1670,5304
1670,1713
1671,2080,2085,4245,4572
1671
1672,5104,5196
1672,5104,5196
1673,2001,2026,5083,5220
1673
1674,3381
1675,2081,2232
1676,5395
1676
1678,4688
1679
1680
1682,5278
1683,1973,2935
1683,1973,2827,2935
1684,5075,5171
1684,5075,5171,5292
1685,2120
1686
1689,5430
1689,5430
1690,2009
1691,2110
1691,2110
1692,1772,3288
1692,1772,2639,3288
1693,1736
1693,1736
1694,3298,3417,3445
1695
1695,5457
1696,1836
1697
1698,4027,4236,4574,4801
1700,5255
1703
1703,2172,3385
1704,2037,5018,5050
1704
1705,5205
1705,5205
1706
1707
1708,1838,2086
1708,2086
1709
1710,2074,2243,5374
1710,2074,2243
1711
1713
1716,2632
1716,2632,3479,5413
1717
1719,2042,2270,2884,4320
1719,2270,2746,3669
1720,5123
1720
1721
1721,3178
1722,2663
1722,2663
1723
1724,4499
1724,2879
1725,1976,2134,5169,5500
1725,1976,2134,5169,5500
1726
1726,2075
1727,5331
1727
1729
1729,1765,2234,5296
1731,1735,1744,1785,2613,2806,5073,5262
1731,5403
1733
1734
1735
1737,1844
1737,1844,5447
1738
1738,3461,4075
1740
1741,2262,5310
1742,2306,2579,2730,3092
1742,1865
1743,1907
1746
1747,1902,2170
1747,2170
1748,2283,2370,3363,3931,5408
1750,1853
1750,1853
1751,2050,2264,3528,5439
1752,3164
1752,3164
1753
1754
1755,5350
1755,2286,5229
1757
1757,2128
1758
1758
1759,2311,5066
1762
1764,1855,2092,2115,5165
1764,2092
1765,1822,2234
1766
1767,5215
1768,2022,3228
1768
1769
1770,1981
1770,1981,2031,2104,5240
1771,1789,2682,3313,3506
1773
1774,1965
1777
1777
1778,1803,5061,5126,5359
1778,1803
1780
1780,2155,5469
1782
1784,2288,5256
1785,5073
1786,2178
1786,2178,2674
1788,2282,2326
1788,1960,2084,2311,2344,5066
1790,2523,2529,2783,2989,2995,3023,3303,3452,3704,3709,3724,3734,3735,3851,4302,4452,4943,5353
1790,2995
1791
1792
1797
1797
1798
1799,5475
1800,5480
1800,5480
1801,2150,2220
1801,2150,2220
1802
1805,1985
1805,1985
1807,1993
1808
1808
1812,2109
1812,2109
1813
1814,2205,3200,3923,4884,4981
1814,2205,3200,3923,4884,4981
1815
1815,1828,2473
1816
1818,5122
1819
1821,1963,2124,5342
1821,5061,5359
1822,1857
1824,2088
1824,2441
1825,1989,2229
1825,1989,2235
1827
1828
1830
1831,5459
1831,5459
1832
1832
1834,5300
1834,2481,2504,3091,3708
1837,5004,5024
1837,5004,5024
1838,5245,5299
1839,2242
1839,2242
1840
1843,5228
1843
1845
1846,2704,3042,4061,4319,4479,4792,4843
1847,1996,2207
1850,2718
1851
1852,1978
1852,1978
1854,1924,2161,2949
1855,5165
1856
1857
1858,4521
1858,2886,2942,4012,5175
1860,5318
1860,4445,5318
1861
1861,2106
1862,5112,5285
1862,1931,5400
1863,5084
1863,5207,5428
1864
1865,2693,2839,3598,5244
1866,2101
1867
1867,2883,3490
1869,2354,2922,3828,4385,4430,4504,4613,4783,5029,5263
1869,5263
1870
1871,3223
1871
1872,1972
1872,1972
1873,4489
1874,2323
1874,2323
1875,2027,2226,5058
1878,1892
1878,1892,4258,4497,4847
1879,2013,2177,2190,5128,5327
1879,2013,2190,5128,5327
1880,1951,2227
1880
1882
1883,5057
1883,2306,5057
1884,2156
1885,5138
1885
1886,2298,5105
1886
1887
1888,2756,3684
1889
1890,4785,5416
1891,5233
1894,5223
1894
1895
1896
1897,2194,2261,5328
1897,2194
1898
1898,2522,2657
1899,1956,5501
1899,1956
1900,1901,1983,3898,4402,4514,5481
1900
1901,1983,3898
1902
1903
1903
1904
1905,3322
1905,3322
1906,2274
1906,2354
1908,2030
1908
1910
1911,2269
1912,2373,2423,5322
1913,1941
1913
1915,5443
1916,5210
1917
1917,1982,3499
1918
1919
1919,3209
1920,2291,3439
1921,2141,2987,3623,3741,5087
1922
1923,2131,2271,3259,5301,5325,5420
1924
1925,5153
1925,5153
1926
1927
1927,5199
1928
1929,2449,2557,3431,3733
1929
1930
1931,2309
1932,2203
1932,2203
1933,5352
1935
1937,2349,3041
1937,2349,3041,3543
1938,4327
1938
1939,4465
1939
1940,4842
1940
1941,4593
1942,3649
1942,3649
1943,4063,4476
1943
1944,4545
1944,4545
1946,2191,5462
1946,2191
1947,2019
1947,2019,2159,5134
1949,3254
1950
1950
1951
1952,2207,2324
1952,2324
1953
1954
1955,3284,4908
1957,2060,3827
1958,4758
1958,4758
1959,2125
1959,2125
1960,2084
1963,2124,5342
1966,5378
1967
1968,4710
1969
1970
1974,5102
1975
1977,3520,3668,3729
1979
1979,3261
1980
1980,1995,2204,3623
1982
1988,2118,5183
1988,2326,5183
1990,2144
1991,2185
1991,2185
1994,2029,2035,2263,2586,2845
1994,2263,2715,2794
1997
1997
1999
2000
2001,2169,5083
2005,2300
2006,5219,5281,5385,5515
2007,3874
2008,2837
2010
2011
2014,2039,2137
2014,2039,2137
2015
2016,5068
2016
2020,3971,4020
2022,2238,3838
2023,5278
2026
2028,4062
2028,4062
2030
2031,2104
2032,5080
2032,2301,2330,5080
2036,2044,5474
2036
2037
2038
2038,2673
2042,2432,2759
2043,5337,5468
2043
2044,4016,4293,4341,4541,4609,4824,5321,5474
2045,2114,4122,4284,4672
2045,2114,4122,4284,4672
2046
2046,5460
2047,3441
2047,2320
2048,2521,3296,3345,3352,3411,3521,3664
2049,4168
2049,4708,4723
2050,5439
2051,2451,3210
2051
2053,3702
2054,5450
2054,4260
2055
2056,2072
2057,3956
2058
2061,3372,5197
2061,3057,3372,3621,3726,5197
2062
2065,5163
2066,2149
2066,2149,2216,2295,5063
2068
2069,3286
2069,5326
2070
2071,2375
2071,2375,5507
2072
2075
2076,2591,5289,5370
2077,5247
2077,5247
2078,2924,5147,5483
2078,5249,5282,5483
2079,4455,4560
2082,3368
2082
2085,2089,4245,4572
2087,4691
2088
2089
2091,2172
2094,3607
2095,5005
2097,2265
2097
2099
2099,2210
2100
2100,2502,3636
2107,3132,3237
2108,2112
2108
2113,2403
2113,3683
2117
2118
2119,2296
2119,4945
2121
2121,5136
2123
2128
2129,5195
2129
2130,3413
2131,3213
2132,3984,4028
2133
2133
2135
2136,3527
2138
2138,2425,3771
2139
2139,2209,5328
2140
2140,5109
2145,3639,5118
2145,2212,3639,5118
2146,2635,5229,5375,5441
2147,2308,2309
2147,2308,5400
2148,2206
2151,3457,3464,5330
2153,2555,4155
2154,2468
2155
2157,2245
2158
2158,4138
2159
2160
2161
2164,2217,2355
2164,2355
2165
2165
2166
2166,4502,4738,4808
2167,4501,4987
2168
2168
2169,2534,2587,3638
2171,2301
2171
2173
2177
2181,2533,3612
2181
2182,5496
2182
2183,5490
2186
2188,4050
2189,2192,5347
2189,2192,4857,5347
2193,5233
2195,4254
2195
2197
2198,2861
2199,5422
2200
2201,5412,5464
2201,5412,5464,5478
2208,2788
2208,2788,2980,3410
2209,2362
2210,5064,5203
2213,5119
2213,5119
2215,4011
2215
2218,3216
2218,3216
2219,2366
2222
2223,5131
2223,5131,5137
2224
2225,2247,5114
2229
2230
2231,2303
2231
2237
2237,2389,2487,2818
2238,2369
2244,2281
2244,2281
2246,5160,5435
2246,5435
2249
2249,2322,2356,2393,3489,5311
2251
2252,3165,3918
2255
2256
2258
2258
2259
2259,2751,3305
2260,5186
2260
2261,5068
2264
2266,3380
2272
2272,2620,3250,3443,3582,3611
2274
2276,3362,5150
2276,5150
2278,5097
2279,2305,5448
2285,3596
2287
2288,5350
2289,3222
2293,5189
2293,5189
2294
2295,5149
2296
2298
2299,3054
2299,3342
2300
2302,2770,3655,3684
2303
2307
2310
2310
2312,3665
2313,2340
2313,2340
2315
2315,4751
2316
2317,3244
2320,3441,5307
2321,3698
2322,2356
2325
2327,3160
2327
2328,3105
2329,3075
2329,2949,3075
2333,3163,3228,5486
2333,3099
2334,4645,4695,5180
2334,5180
2336
2338
2338,5217,5280
2339,5489
2341,3567
2341,3567
2343,3512
2345,4485
2348,3082
2348,3082
2351
2351
2353
2357,2713
2359,5437,5491
2359,5491
2360
2361,5414
2362,2527
2364,5235
2364,5235
2368
2372
2374,3852,4340
2374
2376,5410
2376
2377,5161,5466
2377,5466
2378,4311,4476,4606,4681,5111
2379,5351
2379,5351
2380
2380
2381
2382,4100,4791
2382,4791
2384
2386,5240
2386,4552
2387
2387
2388,3847
2388,3847
2389,2487,2603,2684,2818,2905
2390,3083
2390
2391,3891
2391,3891
2392
2393
2395
2399
2401,5190
2401,5190
2402,5438,5452
2404,2686,3326
2404,2517,2784,3039,3326,3366,3964,3987,4232
2405,4554
2405,4098,4116,4221,4547,4554,4598,4735
2406
2406,2545
2407,3009,4422
2407,2927
2408,2755,2848
2408,2503,2796,2994,2997,3293,3562,3691
2409
2409
2410,3395,4131
2410,2462,2719,4078,4131
2411,2416,2575,2803
2411,2575,3318
2412,2765,3575
2412,2464,2642,2822,2859,3469,3532,3601,3627,3654
2413,3496
2413
2414,2875,2955
2414,2875
2415,2428,2448,2532,2552,2699,2981,3316,3346,5141
2415,2460,2532,2552,2569,2680,2981,3323,3421,3650
2416,2933
2418,2616,4357,4410,4599
2418,2513,3458,3672
2419,2863,3515,3609,3662
2419,2598,2939,3275,3425,3466
2420
2420,4600,4669
2421
2423,5322
2424,2960,3472
2424,3472
2425,2679
2426,4778
2427,2640
2427,2789
2428,2448,2699,3316,3346
2429
2429,2986,3292,3454,3463,3745
2430,4666
2430,4168,4484,4666
2431,2914,3398,3588
2431,2914,3398,3588
2432,2759
2433,2692,3487,4842
2433,3660
2434,3550
2434,3550
2435,4621
2435
2436
2437,2672,2863,2920,2954
2437,3609
2438,2453
2438,2619,3088
2439,3307
2440,2973,4188,4264,4342,4671
2440,4086,4264,4671
2442,3310
2443,2592
2443,5168
2444,2503
2445
2446,2729,3038,3497,3716
2446,3400
2447,3541
2447,2638,2675,2753,3340,3402,3556
2449,2557,2934
2450,2571,2758,2983,3495
2450,3473,3690,4739
2451,2511,3012,4593
2452
2452,3356,4033,4059,4606
2453,2619
2454,4774
2454,4234
2455,2493
2455
2456,4030,4534,4686
2456
2457,2716,3308
2457,2698,2791,3059,3332,3448,3697,4207
2459,3632,3732
2459,3632,3732
2460,2680,3323
2461,3327,3377,3435
2462,4078,4365,4457
2464,3469
2465,2923
2466
2466
2467,2866,3538
2467,3725
2468,5436
2469,3040,3534
2469,3692,4682
2470,3007,3049
2470,4361
2471,3334
2471,2787
2472,2706,2842,2865,2931
2472
2473,3479
2474
2474,2513,2572,3721
2475,2497,2697,3529
2475
2476
2476
2477
2477
2478
2478
2482,2597,3379,3399
2482,2488,2709,2801,2998,3003,3067,3301,3369,3393,3420,3503,3899
2483
2484,2590,3409,3417
2486,3087
2486,2752,2965,3036
2489,2912
2489,2797,2970,3510,3635
2490,3497,3620
2490,2627,2961,3620,3670
2491,3597
2491
2492,2723,4297,4396
2492,4492
2493,2856
2494,2608
2494,2607
2495,5248
2495
2497
2499,2940
2499,2940
2500,2596
2501,2817,4114,4358,4698
2501,4376,4597,4698,4845
2502,3636
2505,2602
2505
2506,5077
2506,5077
2507,2631,2934,3496
2508,3331
2508
2510,2661,2974
2510
2511,2654,2670,2810,3012,3069,3140,3141
2512
2512,2556,3569
2514,2824
2514,2824
2515
2515,4775
2516,2748,3207,5340
2517,4543
2518,4105
2518,2692,2890,2978,3487,3626,4043,4105,4305,4589,4769,4820
2519,4204
2519
2520,2610,3060,3526
2520,3575
2521,2899
2522,5092
2523,3023,3303,3452,3709,3724
2524
2524,2747
2525,2528,3289
2525,2538,2567,3470
2526,3365
2527
2528
2529
2530,3661
2530,2916,3390,3661
2531,3650
2531,2540,2742
2533,4146,4466
2534,2643
2535,2843
2535,2595,2843,3010
2536
2536,3475,3592
2537,3517
2537
2538
2539,2645,3373,3438,3535
2539,3373,3535
2540,2742
2541,2623
2541,2666,2909,2932
2542,2915
2542,4252
2543
2543,4328,4563,4781
2544,4619
2545,3383
2546,2784,3366,3591,3663
2546,2728,2869,3663,3706
2547,3537
2548,2580,3093,3605
2549,2573,3360,3604
2549,2550,2812,2819,2898
2550,2558,2812
2551,2615
2551,2615
2553
2554
2556
2558,2819,2898
2559,2597,3292,3379,3399,3453,3454,3583,3617
2559
2560,3388
2560,3388,3416,3603
2561,3576
2561,2830,2867,3401
2562,2962,3637
2564,4126,4135,4729
2564
2565,2760,3723
2565,2760,3723
2566,2999,3671
2566,2945
2567,2957,3470,3536,3600
2569,3478
2571
2572,2820,2874,3488,4255
2574,3446,4148
2574,2807,3446,4065,4148,4241,4683,4837,4848
2576,3384
2576,2616
2577,3021
2577
2578,3078,3593
2578,3078,3412,3593
2579
2580,2823,2918,2980,3448
2581
2582
2582,2737,2900,4051
2583,3062,3405,5333,5402,5504
2583,3405
2584,2850,2993,3065,3404
2585,2839,3598
2585
2586
2587
2588,2958,3002
2588
2589,2790
2589,2846
2592
2593
2593,2938
2594,3596
2594,3701
2595
2596
2598,3466
2599,3434
2599,3374,3667
2600,2860
2600
2601,2765,3058,3449,3587,3670
2602
2604,2722
2604,2722
2605,2671,3474,3498
2605,3474,4314
2606
2608
2609,2681
2609,2681,2831
2610,2688,2913
2611,4768
2611,4152
2612,2834
2612,2834,5248
2613,2806,5403
2614,2623,3051
2614,3021
2617,3629,5258
2618,3324,3526
2618
2620,3611
2621,3018
2621,3010,3551
2622,2650,3705
2622,3862
2624
2624,2633,4278,4737
2625,3287,3727
2625,2665,3320,3614
2626
2627,2844
2629,2873
2629
2630,3415
2630,3415
2633
2634,2678
2634,5179
2636
2637
2638,3483,3564
2639
2640
2641
2642,2982,3654
2644
2644
2645
2647,4487
2647,4487
2648
2649,3455,3694,3696,3712
2649,3436,3455,3544,3694,3696,3712
2651,3328
2651,2885,3073,3328
2652,2777
2652
2653,2944
2653,3509
2654,3421
2656,5139,5293
2657,2683,2855,2953,3039,4543
2658,2950
2658,2950
2659,4684
2659,4684
2660,2802,2881
2660
2661,2969,2997,3691,4644
2662
2664,2735,3459,3468
2664,2735,2974,3468
2665
2666,2909,2932
2667
2667
2668,4038,4124
2668
2669,3295
2669
2670,2810,2951,3069
2671,2884,3669
2672,2920,2954,3653
2673,3429
2675,3340,3556
2676,2867
2676
2677,4222,4300
2677,4300,5069
2678,3050,3325
2683
2684,2750
2686,3686,3697
2687,4252
2687
2688,2913
2690,2757,3312
2691,3070
2693,2741,3358,3432,3492,3582,3643,3666
2694,3229
2694,3222,4879
2695,2945,3571
2695
2696,3315
2696
2697,2984
2698,2791,3064,3647
2700,3035
2700
2701
2702,3000,4699
2703,2725,2793,3024
2703
2705
2706,2738,2931
2707,2988,3615
2707
2708,2833,3440
2708,2833
2711,3990,4266,4778
2711,3990
2714,4074
2715,2794
2716
2717
2719
2720,3558,3713,5471
2720,2756,2799,3408,3558
2721
2721
2723,4297
2724,2907,3238,5267
2724,2907,5267
2725
2726,2851,2921,3138,3333,3511
2728,3033
2730
2731,3518
2732,3742,4531
2732,3742
2734,2786,5140
2736,3442
2736,3442
2737,4008,4451,4524,4617,4675
2738
2739,3358,3644
2739,2896,3375,3666
2740
2741,2797,3492,3504,3643
2743,5298
2743
2744
2745,3037
2745,3037
2746
2747
2748
2749
2749,2776,3287,3320,3614,3727
2750,3656,3738
2751
2752
2753
2754
2754,3579
2758,2842,3054
2761,2895,3542
2761,2895,3542
2764,2946
2764,3280
2766,3353
2767,3008,3700
2767,3019,3048,3634,5379
2768,3280
2768,3155
2769
2769,3048
2770,2885,3539
2771,3072,3595
2772,3079,3337,4416,4464
2773
2773
2774,3708
2774
2775
2775,3658
2776
2777
2779,3029,4742
2779,3330
2780
2781,3674
2781,2828
2782
2782
2783,3020,3735
2785
2786,3046
2787,3308,3493
2789
2792
2792
2793
2799
2800,4494
2800,4494
2801
2802,2881,3549
2803
2804,2826
2804
2805,4298,4566
2807,4775,4847,4848
2808
2808,5087
2809,2901,3625
2809
2811,3045
2811,3045
2813
2814,3524,3574
2815
2815
2816,3570
2817,3368,4114
2820,3488,3703,4629
2821,4529,4667
2821,4182,4391,4614,4662,4841
2822,2876,3676
2823
2825,4242,4410,4522
2825,4083,4271,4607
2826
2827
2829,3584
2829,3584
2830,3006,3436,3544
2831,2849,3545
2832,4643
2832
2835
2836,3581
2836
2838,3034
2838,3034
2840,3294
2840,3606,3675
2841,5242
2844,3615
2845
2846,2957,3536,3600,5275
2847
2847
2849,3370,3377,3426,3693
2852,3580,5455,5484
2852,3580
2854,3507
2854
2855,3438
2856,2928,3484
2857
2857
2858,2963
2858,3590
2859
2860,3424,4259
2861
2862,4642
2862,3356,4642
2864
2865,3517,3587
2866
2868,5357
2869,3706
2871
2873
2874
2877
2877,3475,3493
2878,4199
2878
2879,4456
2880
2880
2882,3473,4416
2882,4235,4270,4562
2883,3490
2887,4070,4810,4835
2887
2889,3001
2889,3001
2890,4436
2891,2947
2891,2947
2892,2924,4807
2892,4130,4807
2893
2893
2896,3375
2897,4265,4280,4498
2897
2899,3345,3352
2900,3977,4029,4451
2901
2902,4796
2902,3080,3722,3989,4755,4796
2903,3893
2906,3348,3589,3671
2906,2919
2908,4616
2908,4616
2911,3414
2911,3061,3414,3431,3476,3524,3525
2912
2915
2916,3068,3080
2917
2917
2918,4368
2919
2922
2925,4591,4602
2925
2926,3613
2926,3613
2927,3053
2928
2929,3653
2929,3090,4164
2930,5275
2930,3389
2933
2936
2937,3073,3539
2942,4657,5175
2943,2992
2943,2992
2944
2946
2951
2952,4676
2952,4676
2955
2956
2958
2959,4257,4596,4705
2959,4257,4705
2960,3573
2961,3485,3618
2962,3634
2963
2964,5115
2964,5115
2965,2986,3463,3745
2966
2967
2968,3514
2968
2969,3545,4357
2970,3553,3644,5141
2971
2973
2976,4248,4760
2976,4760
2977,5476
2977,3035,5147
2979,4098,4127,4149
2982
2983,5498
2984
2985
2985,3058
2987,3741
2988
2989,3704,4657,4719
2990
2990
2991,3451
2991,3451
2994,3293,3562
2996,3714,4836
2996,4060
2998
2999,3229
3002
3003,3085,3369,3740
3004,3648
3004,3648
3005,4449,4880,4967
3005
3006
3007
3009,3364
3011
3011
3013,3482
3013,3482
3014,3347,4321
3014,3347,4321
3015,3050
3018
3019
3020,3569
3022,3214,3230
3022
3025,3344,5239
3025,5239
3027
3028,3088
3028
3029
3030,3086
3030
3031,3061
3033
3040
3042,4792
3043
3047,3677
3047
3049
3051
3052,4334,4611
3052,4215,4334,4611
3056,3071,3418
3056
3057,3726
3059,3064,3332,4207
3060,3394,3500,3687
3062
3063,4233,4471
3066,3854
3066
3068
3070
3071,3428
3074,3126,3585
3074
3076
3077
3077
3079,4319,4585
3081,3631
3081,3400,3631
3083
3084,3378,3608
3084
3086
3089
3089,3478
3090,4164
3092
3095,3131
3096,5453
3099,3248
3100
3104
3104
3106
3107
3108
3109
3112,3205
3113
3114,3841,4089,4683,5071,5482
3116
3117,3142
3120
3120
3124
3127
3128
3132,3277
3134
3139,5101
3143
3143,3157
3144
3145,4920
3145,3272,4927,5237
3149
3152
3153,5144
3153
3155,3555
3156
3158
3160
3162,3215,3245
3163,5486
3167
3168
3173
3174,5372
3176,5284
3179
3179
3181
3181
3182
3183,5404
3185
3186,3195
3190,3942
3192
3193
3194
3194
3198
3204
3207,5340
3208,3248
3209
3210,3264
3214
3217
3218
3223
3227
3231,3233
3231,3233
3232
3234
3238
3239
3242,3764
3243
3247
3251,3516
3251
3252
3253
3257
3260
3261
3267,3338
3267
3268,5156,5274,5434
3270,5302
3271
3272
3273,5421
3273,5421
3274
3281
3285
3286
3289
3290,3846,4950
3290
3295
3296,3521
3297
3298
3299,3546
3301,3393,3420,3503,3681
3302
3305
3306
3306
3309,4709
3311,4580,4714
3314
3315
3317,3494,3715,5261
3318,3394,3500
3319
3324
3325
3330
3334
3335,3419
3336,5226
3337,4516,4849
3338
3339
3341,3383
3341
3343
3344
3348
3350,3652
3350
3353,3628
3355,3397
3355
3357
3359,3651
3359,3651
3364
3367
3370
3376,4961,4970
3378,3608
3382
3382
3384
3385,5148
3389,4990
3391,3412,3616
3391,4776
3395,4021
3396,4704
3396
3397,3637
3401
3402,5303
3403,3563
3403,3563,3673
3404
3408
3410
3411
3413
3416,3603
3418,4232,5258
3424
3425
3426
3428
3430,3534
3430
3432
3434
3437,3642
3437,3642
3440
3443
3444
3445
3447,3692,4682
3447,3619
3449,4026,4091
3450,3561
3450,3576
3453,5482
3456,3513
3456,3513,3564
3458
3460,3672
3460
3461,4075,4143,4762
3462,5187
3465,3646
3467
3471,3716
3471
3476
3477
3480,4802
3481,3501,4483
3481,3501,3717
3483
3485
3486,4559,4757
3486,4559,4757
3489,4157,4570
3491,5092
3494,3715
3495
3499
3504
3505
3507,3966
3509
3512
3514
3515,3662
3516
3519,3729
3520
3522
3522
3528
3529
3530,4659
3530,4111
3532,3627
3538,3725
3540,3689
3540,3689
3541
3543
3548
3549
3553
3554,4649
3554,3976,4325
3555
3557
3557
3559,3641
3559
3560,4015,4563
3560
3561
3565,4780
3571
3572
3574
3581
3583,3676
3586
3589
3590
3591,3605,3964
3594
3597
3601
3602,4238,4447,4571
3610,4072
3610,4072
3612
3616
3617,3635
3618
3619
3621
3624
3624,4396,4600
3625
3628
3630
3633,3722
3633,4019,4344
3638
3641,3658,3734
3647
3652
3655
3656,3738
3660
3664
3665
3668,5425
3673
3674
3677
3678,3711
3679
3680
3681
3682,4948,5502
3682
3683
3686,3721
3687,3718
3690,4739
3693
3701
3703,4591
3705
3714,4836
3717
3718
3719
3720
3720
3728
3730
3733
3737
3739
3744
3746
3746
3748
3749
3750,3810
3751
3752
3754
3754,3809,3888
3756,4607
3756
3757,3758,3794
3758
3759
3759
3761
3761
3762
3763,3842
3763,3842
3766,3845
3766,3845
3768
3770
3770
3771
3772
3772
3776,3945
3776
3778,4608
3778
3779
3781
3783,3883,3906
3783,3883
3784,3930
3784,3930
3785
3785
3786
3787
3790,3911
3790,3911
3793,3853
3793,3853
3795
3796,4217,4588
3796
3799,3886,5208
3800
3800
3801
3802,3915
3802,3915
3803
3803
3804,4121,4670
3805
3805
3806,3941
3806,3941
3807,3859
3807,3859
3809
3811
3814,3861
3815
3816
3818,3831
3818,3831
3819
3819
3820
3822
3826
3828
3830
3830
3835
3837,3844
3839,3895,3942
3839
3840,3882
3843
3848
3849
3849
3850,3929
3850
3851
3854
3855
3856,4954
3856,4954
3861,3865
3864,3935
3864
3866
3867
3868,3919
3868,3919
3869
3871
3873
3877
3879
3881
3885
3885
3886
3887
3888
3890
3892,3917,3943
3892,3917,3943
3894
3897,3901,4113,4533,4925
3899
3900
3904
3905,4449,5071
3906
3907,3938
3907,3958,4217,4588
3912
3913
3914
3914
3916
3920
3920
3921
3921
3922
3926
3928,3954
3928,3954
3929,3932
3931
3934
3934
3936
3938
3944
3944
3946
3949
3951
3951,4023
3956
3958
3959,4045,4345,4668
3959,4001,4200,4244,4532,4668
3960
3960,4229,4567
3961,4653
3961,4329,4653
3962
3962,4365
3963,4225
3963,4467
3965
3965,4470,4784,5329,5371
3966,4437,4634
3967,4048
3967,4333
3968,4002,4013,4039
3968,4002,4013,4039
3969,4120,4711
3969,4120
3970,4446
3970,4446,4558
3971,4020,4468
3972
3972
3974
3975,4803
3976,4325
3977
3978,4734
3978,4734
3979,4550
3979,4550
3980,4285
3980,4301,4736
3981,4771
3981,4771
3982,4318
3982,4174,4318
3983
3983,4658,4733
3985,4108,4678
3986,4102
3986,4281
3987,4443
3988,4202
3988
3989,4466,4755,4809
3991,4631
3991
3992,4530,4546,5283
3992,4465,4546
3994,4496
3994,4496
3995
3995,4160,4256,4818
3996
3996,4218
3997,4129,4433
3997,4433
3998
3999
4000,4123,4263,4324
4000,4018,4056,4123,4153,4249,4292,4324,4355,4527,4633,4825
4003,4142
4003
4004,4632,4794
4004,4632,4794
4005,4250
4006,4472
4006,4472
4007,4369
4007,4008,4617
4009
4009
4010,4211,4261,4306,4490,4625
4010,4461
4011
4012
4014,4354,4364
4014
4015
4016,4392,4566,4609,4824
4017,4664,4777
4017,4447
4018,4249
4019,4248
4021,4828,4834
4022,4373
4022
4023
4024,4169,4488,4590
4024,4590
4025
4026,4091
4027,4415,4801,4829
4029,4051
4031,4830
4031
4032,4507,4751
4032
4033
4034,4137
4034,4137
4035,4361
4035
4036,4744
4037
4037,4728
4038
4040
4040,4099
4041,4135,4167,4278,4420,4737,4800,4819
4042,4184,4725
4042,4184,4654,4725,4747
4043,4305,4769,4820
4044
4044,4223,4380,4407
4045,4106,4110,4345,4538,4845
4046,4183
4046
4047,4090
4047,4090
4048
4049,4478,4646
4049,4828
4052,4144,4812
4052,4260,4812
4053
4054,4730
4054
4055
4055
4056,4633
4057
4057,4384
4058,4243
4058,4143,4762
4059,4279,5160
4060,4743
4061
4064,5070
4065,4241
4066,4756
4066
4067,4151,4398
4067,4151,4398
4068,4141
4068,4141,4172
4069,4415
4069,4085
4070,4835
4071,4726
4071
4073
4073
4074,4303
4076,4569
4076
4077
4077
4080,4603
4080,4603
4081,4805
4081,4805
4082,4799
4082
4083
4084,4359,4649,4815
4084,4829
4085,4159,4337,4689
4086,4715
4087
4087,4628,4749
4088,4389,4677
4089,4110,4175,4538
4092
4092,4583
4093,4399
4093,4399
4094
4095,4310
4095,4310
4096
4096
4097,5269
4099
4100,4624
4101,4237
4101,4627,4703,4799
4102
4103,4397
4103
4104,4754
4104,4442,4639
4106,4388
4107
4107
4108
4109,4173
4109,4491
4111,4659
4112,4409
4112
4113
4115,4246,4453
4115,4205,4246,4453,4525
4116,4118
4117
4117
4118
4119,4741
4119,4741
4121,4197,4670
4124,4181,5010,5012,5025
4125
4125,4412
4126
4128,4234
4128
4129,4289,4786
4130
4132
4132
4133,4440,4509,4789,4811
4133,4789,4811
4134,4822
4134,4716
4136,4727
4136
4138,5336
4139,4203,4371
4139
4140,4477
4140,4477
4142
4145
4147,4481,4626
4147,4421
4150
4150
4152,4643
4153,4825
4154,4482,4717,5386
4156,4272,4377,4387
4156,4387
4158,4537
4159,4337
4160,4818
4161
4161
4162
4162,4418,4701
4163,4214,4346,4586
4163,4346,4586
4165,4808
4165
4166,4623
4166,4623
4167,4229,4313,4459,4567,4800,4819
4169
4170
4171,4287,4356
4172
4173
4174
4175,4846
4176
4176,4405,4424
4177,4512
4177,4372
4178,4458
4178,4210
4179
4179
4180,4181
4180
4182,4841
4183
4185,4515
4185,4515,4615
4186,4510
4186,4510
4187,4575
4187,4575
4188,4296,4419
4189,4277
4189
4190,4549
4190
4191,4378
4192,4317
4192,4317
4193,4564,4767
4193
4194,4597
4194
4195
4195
4197
4198
4198,4460
4199
4200,4279
4202,4426
4203
4204
4205
4206,4579
4208,4283
4208,4239,4790
4209
4209,4395
4210,4431,4432,4765
4211,4227
4212,4852
4212,4552,4852
4213,4269
4213,4269
4214,4599,4678
4215,4722
4216
4216
4218
4219
4220,4551,4687
4220,4551,4687
4221,4547,4598
4222
4223
4224,4429,4483,4502
4224,4438
4226,5358
4226
4227,4282
4228,4814
4228,4814
4230,4308
4230,4308
4231
4231
4235,4270
4236,4462,4574
4237,4380,4407
4239,4790
4240,4290
4240
4242,4461
4243,4374,4587,4745
4244
4247
4250,4772
4253,4444,4663
4253,4444,4663
4254
4255
4256
4258
4259
4261
4262,4856
4263
4265,4431,4450,4458
4266,4352,4401,4418,4534,4581,4585,4849
4267,4748,4770,4838
4267,4748,4770,4838
4268,4505,4604
4271,4366
4272
4273,4690,5382
4275,4720
4277
4280
4281,4363,4855
4282
4283
4285
4286
4286
4287,4356
4288,4335
4288
4289,4542
4290
4291,4518
4291,4518
4292,4355
4293,4341,4541
4294,4473
4294,4473
4295,4535
4295,4402,4514
4298,4442
4299
4299
4302,4452
4304
4304
4306,4490,4806
4307,4651
4307,4530,4651
4312,4680
4313
4314
4315
4315
4316,4679
4316
4320
4322
4322
4323,4601
4323,4601
4326,4517
4326,4517
4327
4328,4781
4329
4330,4735
4330,4350,4583,4765
4331
4331,4648
4332,4351
4332,4351,4608,4856
4333
4335
4336
4336
4339,4641
4339,4641
4340
4342
4343,4475
4344,4813
4347
4348
4349,4393
4349,4393
4352,4520
4353
4353
4354,4364
4358
4359
4360,4673
4360,4673
4362
4362,4853
4363
4366
4367
4368
4369
4370,4381,4573
4370,4381,4401,4512,4581
4371,4614
4372
4373
4374,4745
4375,4536
4375,4536
4376,4445
4377
4379,4553
4379,4423
4382,4785,4831
4382
4384
4385,4613
4388
4389,4773
4390,4594
4390,4594
4391
4392
4394,4420
4394
4395,4776
4397
4400,4702
4400,4702
4403,4694
4403,4694
4404
4404
4405,4706
4406
4406
4408,4443
4408
4409
4412
4413
4413
4414
4414
4417,4622
4417,4622
4421
4422
4423,4511
4424,4706
4425,4434
4425,4434
4426
4427,4816
4427,4816
4428,4703
4428,4539,4576,4732
4429
4430
4432,4450,4854
4436
4437,4628,4652,4749
4438
4439,4565
4439
4440
4441,4508
4456
4459
4462
4463
4463
4468
4470,4784
4474
4475
4478
4479
4480,4752
4480
4481,4626
4482,4717
4484
4485,4582
4486,5346
4486
4488
4491
4493
4493
4497
4498
4499
4500
4500,4589
4503,4724
4503,4724,4854
4504,4783
4505,4604
4506
4506,4542
4507,4656
4509,4555
4511
4513,4647
4513,4647
4516,4639
4519,4707,4851
4519,4707,4851
4520
4521
4522
4523
4523,4627
4524,4675
4525
4526
4526
4527,4697
4529,4667
4531
4532
4533
4535,4629
4537
4539
4540,4917
4540
4548
4549,4565
4553
4556,4736
4557,4665
4558
4561
4561,5283
4562
4564,4767
4568
4568
4569
4570
4571
4573
4576,4732
4577
4578,4700
4578,4700
4582
4584,4638,4787
4587
4592,5225
4592,5225
4595
4595
4596
4602
4605,4685
4605,4685
4610
4610,4716
4612
4612
4615,4733
4618
4618
4620,4804
4620
4621
4624
4625
4630,4759
4630,4759
4631
4634,4730
4635
4636,4766
4636
4637,5157,5222
4637,5157
4640
4645,5168
4646,4804
4648
4650
4650
4654,4747
4655
4655
4656
4658
4660
4660
4661,4740
4661
4662
4664
4665,4843
4669
4674,4827
4674
4679
4689
4693
4695
4697
4699
4701
4704
4708,4723
4709
4711
4712
4712
4713
4713,4833
4715,4815
4718
4718,4797
4719,4797,4850
4720
4721,4763
4721,4763
4722
4726,4773
4727
4728
4729
4731
4738
4740
4742
4743
4744
4750,4839
4750,4817,4839
4752,4793
4753
4753
4754
4756
4761,4779
4761
4764
4766
4768
4772
4774
4777
4779
4780
4782
4782,4832
4786
4809,4813
4810
4817
4821
4821
4822
4827
4831
4832
4833
4834
4837
4844
4850
4855
4857,4891
4858,4915,5022
4858
4859,5031
4859,4911
4861
4862
4862,4999
4863
4864
4864,5007
4865,5047
4865
4866
4867,4898
4867
4868
4869,4952,5033
4869
4870
4870,4896
4871
4871,5007
4872
4872
4873
4873
4874
4874
4875,4969
4876,4894,4916,4924,4926,4928
4876
4877,4888,4976
4877,4888,4976
4878
4878
4879
4880,4907
4881
4881
4882,4936,4956,4968,4980,4989,5048
4882,4944,4968,5008
4883,4977
4883,4977,4991
4885,4931
4885,4931
4886
4887
4887
4889,4906
4890,4972
4890,4972
4892
4892,5470
4893,4912
4893,4958
4894
4895,4993
4895,4993
4896,4941
4897
4898
4899
4899
4900
4900,5017
4901,5170
4901,5170
4902,5049
4902,4919
4903
4903
4906
4907
4908
4909
4909
4910
4910
4911
4912
4913
4913
4914,4927
4914
4915
4916
4917
4919,5013
4920
4921
4921
4922,5039
4922,5039
4923,5042
4923
4925
4926
4928,4962
4930,4961
4930
4932
4932,5003
4933,4958
4933
4934,4978
4934,4978
4935,5021
4935,5021
4936,4956,4989,5048
4937,4959
4938
4939
4940,4965,5030
4940
4941
4942
4943
4944
4946
4946
4947
4947
4949
4949
4952
4953
4953,5000
4955
4955,4963
4957,5010,5012,5025
4959
4960,4997
4960,4997
4962,4980,5054
4963,5002
4964
4964,5051
4965,5030
4966
4966,5042
4967
4970,5043
4971
4971
4973
4973
4975
4979
4979,5033
4982
4982
4983
4983
4986,5027
4986
4987
4988
4988
4990,5011
4991
4992
4992
4994
4995
4995
4999
5000
5001
5001
5002
5003
5005
5006
5006
5008
5011
5013,5014,5015
5014,5015
5016,5034
5016,5032,5034
5017
5018
5019,5053
5019,5053
5020
5022
5023
5023
5026
5026
5027
5028
5029
5031
5032
5035
5036
5036,5298
5037
5037
5040
5040
5041
5041
5043
5044
5044
5045
5045
5046,5492
5047
5049
5050
5051
5052
5052
5054
5055
5055
5062
5063
5064,5203
5067,5095
5069
5072,5391,5432
5072,5313
5074
5074
5081
5081
5086
5088
5088
5091
5091
5093,5100,5463
5096
5100,5463
5103,5320
5103,5320
5105
5107
5107,5305
5108
5109
5111
5112,5285
5113
5113,5126,5145,5319
5116
5121,5356
5121
5127
5129,5224
5129
5133,5398
5135,5432
5135
5136,5450
5138
5139,5293
5142
5144
5145,5319
5149
5151,5349
5151,5349
5154
5154
5161,5488
5162,5250
5163
5166
5172
5172
5174
5182
5184
5187
5191
5199
5200
5201,5234,5418
5201
5204
5207,5428
5208
5213,5376
5213
5218
5218
5220
5221
5221
5222
5224
5228
5230
5231
5234
5237
5238
5241
5243,5367
5245,5306
5246
5250
5251,5264
5251,5264
5253,5312,5364
5253
5257,5369
5260,5451
5265,5457
5266,5272,5355
5269
5270
5276,5449
5276
5287
5287,5294
5288
5289
5294
5295
5303
5304
5305
5307
5311
5312
5313
5316
5317
5324,5355
5326
5329
5333,5504
5336
5337
5345
5346
5352
5353
5356
5358
5361
5363,5402
5363
5364
5365
5368
5368
5371
5374
5377
5381
5386
5387
5390
5392
5393,5445
5393
5395
5398
5399
5404
5405
5406
5409
5409
5410
5418
5424
5424
5425
5426
5427
5437
5438,5511
5445
5446
5447
5449,5458
5451
5454
5455,5484
5458
5467
5469
5470
5472
5475
5476
5477
5481
5485
5487
5494
5501
5502
5503
5507
5508
5509
5509
